2 
1 
8 0 1 2 3 4 5 6 7 
5 40 98 164 177 312 
14 41 130 142 166 178 192 248 265 278 301 313 322 347 358 
12 53 62 83 143 179 249 266 279 323 359 372 375 
3 114 205 291 
13 8 13 144 167 180 193 250 267 280 314 324 348 360 
9 27 87 125 240 260 268 281 335 361 
11 28 84 145 181 251 269 282 325 362 373 376 
12 92 100 105 115 131 155 206 212 221 231 292 302 
6 29 63 270 283 374 377 
5 54 126 241 261 336 
6 71 101 106 116 207 293 
2 9 165 
5 72 93 117 208 294 
9 73 94 121 156 213 222 232 303 337 
7 37 74 95 102 132 209 295 
4 107 157 214 233 
5 55 88 242 262 338 
12 14 75 118 168 194 210 223 296 304 315 339 349 
13 15 30 42 64 169 182 195 252 271 284 316 326 363 
9 76 108 122 215 224 234 243 305 340 
2 10 99 
11 16 43 133 146 183 196 253 317 327 350 364 
15 11 17 31 44 65 147 170 197 254 272 285 318 328 351 365 
13 18 45 134 148 171 184 255 273 286 319 329 352 366 
7 38 77 96 103 119 135 297 
9 78 109 123 158 225 235 244 306 341 
10 79 110 136 159 216 236 298 307 342 353 
9 80 111 124 160 217 226 245 308 343 
8 56 89 127 161 218 237 263 344 
12 19 32 46 66 149 172 185 198 274 287 330 367 
5 57 90 128 246 345 
14 20 33 47 58 67 85 150 186 199 256 288 331 368 378 
14 21 34 48 59 68 86 151 187 200 257 275 332 369 379 
10 39 81 97 104 120 137 211 227 309 354 
11 22 82 112 138 162 219 228 238 299 346 355 
10 12 23 49 139 152 173 188 201 333 356 
13 24 35 50 69 153 174 189 202 258 276 289 320 370 
12 60 91 113 129 140 163 220 229 239 247 264 310 
11 25 51 141 175 190 203 230 300 311 321 371 
14 26 36 52 61 70 154 176 191 204 259 277 290 334 357 
